using app;
using lib;

double[,] data =
    {
        {0, 83, 45, 55, 73, 99, 5, 85, 49, 9, 32, 93},
        {83, 0, 90, 68, 15, 41, 9, 59, 71, 72, 29, 64},
        {45, 90, 0, 71, 2, 92, 40, 66, 43, 50, 55, 43},
        {55, 68, 71, 0, 73, 69, 33, 89, 15, 12, 16, 54},
        {73, 15, 2, 73, 0, 15, 81, 66, 62, 79, 98, 55},
        {99, 41, 92, 69, 15, 0, 91, 37, 73, 65, 72, 76},
        {5, 9, 40, 33, 81, 91, 0, 40, 76, 84, 62, 89},
        {85, 59, 66, 89, 66, 37, 40, 0, 72, 34, 54, 89},
        {49, 71, 43, 15, 62, 73, 76, 72, 0, 14, 99, 12},
        {9, 72, 50, 12, 79, 65, 84, 34, 14, 0, 38, 94},
        {32, 29, 55, 16, 98, 72, 62, 54, 99, 38, 0, 6},
        {93, 64, 43, 54, 55, 76, 89, 89, 12, 94, 6, 0}
    };

TSPConfig config = new();

config.Epochs = 10000;

Solver newSolver = new(12, data, config);
newSolver.Solve();